I J r0 k
1 2 3.808 10.0
1 3 5.535 10.0
1 4 5.106 10.0
1 5 6.036 10.0
2 3 3.791 10.0
2 4 5.539 10.0
2 5 5.318 10.0
2 6 6.022 10.0
3 4 3.815 10.0
3 5 5.478 10.0
3 6 5.196 10.0
3 7 6.266 10.0
4 5 3.786 10.0
4 6 5.689 10.0
4 7 5.575 10.0
4 8 6.414 10.0
5 6 3.797 10.0
5 7 5.404 10.0
5 8 5.145 10.0
5 9 6.087 10.0
6 7 3.782 10.0
6 8 5.601 10.0
6 9 5.255 10.0
6 10 6.164 10.0
7 8 3.801 10.0
7 9 5.428 10.0
7 10 5.182 10.0
7 11 6.51 10.0
8 9 3.839 10.0
8 10 5.586 10.0
8 11 5.464 10.0
8 12 6.368 10.0
9 10 3.789 10.0
9 11 5.389 10.0
9 12 4.963 10.0
9 13 5.989 10.0
10 11 3.797 10.0
10 12 5.483 10.0
10 13 5.197 10.0
10 14 5.724 10.0
11 12 3.801 10.0
11 13 5.458 10.0
11 14 5.452 10.0
12 13 3.782 10.0
12 14 6.041 10.0
13 14 3.788 10.0
15 16 3.816 10.0
15 17 5.829 10.0
15 18 5.054 10.0
15 19 6.15 10.0
16 17 3.826 10.0
16 18 5.107 10.0
16 19 4.927 10.0
16 20 6.186 10.0
17 18 3.815 10.0
17 19 5.511 10.0
17 20 5.104 10.0
17 21 6.284 10.0
18 19 3.793 10.0
18 20 5.419 10.0
18 21 5.222 10.0
18 22 6.124 10.0
19 20 3.802 10.0
19 21 5.443 10.0
19 22 5.206 10.0
20 21 3.786 10.0
20 22 5.716 10.0
21 22 3.823 10.0
23 24 3.778 10.0
23 25 5.433 10.0
23 26 5.001 10.0
23 27 6.27 10.0
24 25 3.84 10.0
24 26 5.441 10.0
24 27 5.262 10.0
24 28 6.301 10.0
25 26 3.804 10.0
25 27 5.47 10.0
25 28 5.0 10.0
25 29 6.363 10.0
26 27 3.825 10.0
26 28 5.38 10.0
26 29 5.255 10.0
26 30 6.387 10.0
27 28 3.79 10.0
27 29 5.417 10.0
27 30 5.115 10.0
27 31 5.865 10.0
28 29 3.784 10.0
28 30 5.525 10.0
28 31 5.177 10.0
28 32 6.114 10.0
29 30 3.794 10.0
29 31 5.581 10.0
29 32 5.489 10.0
30 31 3.816 10.0
30 32 5.617 10.0
31 32 3.81 10.0
33 34 3.791 10.0
33 35 5.325 10.0
33 36 4.738 10.0
33 37 5.837 10.0
34 35 3.817 10.0
34 36 5.486 10.0
34 37 5.103 10.0
34 38 6.317 10.0
35 36 3.799 10.0
35 37 5.283 10.0
35 38 5.085 10.0
35 39 6.095 10.0
36 37 3.779 10.0
36 38 5.556 10.0
36 39 4.992 10.0
36 40 6.415 10.0
37 38 3.803 10.0
37 39 5.23 10.0
37 40 5.156 10.0
37 41 6.62 10.0
38 39 3.794 10.0
38 40 5.443 10.0
38 41 5.139 10.0
38 42 6.407 10.0
39 40 3.809 10.0
39 41 5.315 10.0
39 42 5.091 10.0
39 43 6.18 10.0
40 41 3.795 10.0
40 42 5.515 10.0
40 43 5.104 10.0
40 44 6.194 10.0
41 42 3.808 10.0
41 43 5.408 10.0
41 44 5.079 10.0
41 45 6.309 10.0
42 43 3.819 10.0
42 44 5.412 10.0
42 45 5.137 10.0
42 46 6.373 10.0
43 44 3.807 10.0
43 45 5.456 10.0
43 46 5.212 10.0
43 47 6.138 10.0
44 45 3.802 10.0
44 46 5.454 10.0
44 47 5.037 10.0
44 48 6.188 10.0
45 46 3.804 10.0
45 47 5.468 10.0
45 48 5.193 10.0
45 49 6.196 10.0
46 47 3.793 10.0
46 48 5.386 10.0
46 49 4.928 10.0
46 50 6.048 10.0
47 48 3.823 10.0
47 49 5.396 10.0
47 50 4.972 10.0
47 51 6.265 10.0
48 49 3.778 10.0
48 50 5.301 10.0
48 51 5.067 10.0
48 52 6.178 10.0
49 50 3.778 10.0
49 51 5.456 10.0
49 52 5.031 10.0
49 53 6.399 10.0
50 51 3.8 10.0
50 52 5.348 10.0
50 53 5.202 10.0
51 52 3.787 10.0
51 53 5.423 10.0
52 53 3.825 10.0
54 55 3.796 10.0
54 56 5.271 10.0
54 57 5.316 10.0
55 56 3.788 10.0
55 57 5.395 10.0
56 57 3.801 10.0
58 59 3.822 10.0
58 60 5.508 10.0
58 61 4.98 10.0
58 62 6.04 10.0
59 60 3.803 10.0
59 61 5.426 10.0
59 62 5.096 10.0
59 63 5.917 10.0
60 61 3.794 10.0
60 62 5.36 10.0
60 63 4.661 10.0
60 64 6.179 10.0
61 62 3.799 10.0
61 63 5.273 10.0
61 64 5.279 10.0
61 65 6.185 10.0
62 63 3.774 10.0
62 64 5.48 10.0
62 65 5.11 10.0
62 66 5.955 10.0
63 64 3.797 10.0
63 65 5.636 10.0
63 66 5.588 10.0
64 65 3.791 10.0
64 66 5.646 10.0
65 66 3.805 10.0
67 68 3.786 10.0
67 69 5.537 10.0
67 70 5.051 10.0
67 71 5.993 10.0
68 69 3.812 10.0
68 70 5.507 10.0
68 71 5.297 10.0
68 72 6.066 10.0
69 70 3.806 10.0
69 71 5.486 10.0
69 72 4.922 10.0
69 73 6.232 10.0
70 71 3.791 10.0
70 72 5.376 10.0
70 73 5.181 10.0
70 74 6.71 10.0
71 72 3.807 10.0
71 73 5.336 10.0
71 74 5.209 10.0
71 75 6.287 10.0
72 73 3.803 10.0
72 74 5.457 10.0
72 75 5.065 10.0
72 76 6.144 10.0
73 74 3.826 10.0
73 75 5.5 10.0
73 76 5.238 10.0
73 77 6.319 10.0
74 75 3.788 10.0
74 76 5.45 10.0
74 77 5.096 10.0
74 78 6.433 10.0
75 76 3.811 10.0
75 77 5.429 10.0
75 78 5.17 10.0
75 79 6.146 10.0
76 77 3.837 10.0
76 78 5.319 10.0
76 79 4.814 10.0
76 80 5.986 10.0
77 78 3.797 10.0
77 79 5.491 10.0
77 80 5.223 10.0
77 81 6.558 10.0
78 79 3.8 10.0
78 80 5.432 10.0
78 81 5.25 10.0
78 82 6.501 10.0
79 80 3.808 10.0
79 81 5.388 10.0
79 82 5.041 10.0
79 83 6.236 10.0
80 81 3.811 10.0
80 82 5.368 10.0
80 83 5.067 10.0
80 84 6.306 10.0
81 82 3.795 10.0
81 83 5.502 10.0
81 84 5.284 10.0
81 85 6.265 10.0
82 83 3.827 10.0
82 84 5.482 10.0
82 85 5.096 10.0
82 86 6.074 10.0
83 84 3.818 10.0
83 85 5.46 10.0
83 86 5.257 10.0
83 87 6.231 10.0
84 85 3.806 10.0
84 86 5.631 10.0
84 87 5.326 10.0
85 86 3.792 10.0
85 87 5.402 10.0
86 87 3.792 10.0
88 89 3.794 10.0
88 90 5.189 10.0
88 91 4.798 10.0
88 92 6.065 10.0
89 90 3.8 10.0
89 91 5.452 10.0
89 92 5.184 10.0
89 93 6.038 10.0
90 91 3.79 10.0
90 92 5.457 10.0
90 93 5.016 10.0
90 94 5.955 10.0
91 92 3.789 10.0
91 93 5.455 10.0
91 94 5.034 10.0
91 95 5.733 10.0
92 93 3.797 10.0
92 94 5.357 10.0
92 95 4.836 10.0
92 96 5.79 10.0
93 94 3.804 10.0
93 95 5.53 10.0
93 96 5.16 10.0
93 97 5.842 10.0
94 95 3.795 10.0
94 96 5.345 10.0
94 97 4.647 10.0
94 98 6.039 10.0
95 96 3.765 10.0
95 97 5.295 10.0
95 98 5.103 10.0
95 99 5.976 10.0
96 97 3.794 10.0
96 98 5.352 10.0
96 99 4.862 10.0
96 100 5.926 10.0
97 98 3.811 10.0
97 99 5.568 10.0
97 100 5.264 10.0
97 101 6.695 10.0
98 99 3.776 10.0
98 100 5.301 10.0
98 101 4.983 10.0
99 100 3.785 10.0
99 101 5.081 10.0
100 101 3.788 10.0
102 103 3.797 10.0
102 104 5.419 10.0
102 105 5.355 10.0
102 106 6.546 10.0
103 104 3.805 10.0
103 105 5.435 10.0
103 106 5.084 10.0
103 107 5.398 10.0
104 105 3.797 10.0
104 106 5.405 10.0
104 107 5.002 10.0
104 108 5.016 10.0
105 106 3.8 10.0
105 107 5.851 10.0
105 108 5.473 10.0
105 109 6.009 10.0
106 107 3.803 10.0
106 108 5.586 10.0
106 109 5.009 10.0
106 110 5.894 10.0
107 108 3.801 10.0
107 109 5.118 10.0
107 110 4.918 10.0
107 111 5.225 10.0
107 112 6.542 10.0
108 109 3.804 10.0
108 110 5.83 10.0
108 111 6.077 10.0
108 112 4.882 10.0
109 110 3.818 10.0
109 111 6.257 10.0
109 112 5.499 10.0
109 113 6.952 10.0
110 111 3.783 10.0
110 112 5.328 10.0
110 113 6.036 10.0
110 114 6.324 10.0
111 112 3.779 10.0
111 113 5.48 10.0
111 114 4.637 10.0
112 113 3.804 10.0
112 114 5.583 10.0
113 114 3.798 10.0
115 116 3.827 10.0
115 117 6.079 10.0
115 118 5.762 10.0
115 119 6.966 10.0
116 117 3.799 10.0
116 118 5.441 10.0
116 119 5.63 10.0
116 120 6.752 10.0
117 118 3.792 10.0
117 119 5.477 10.0
117 120 5.322 10.0
117 121 5.545 10.0
118 119 3.8 10.0
118 120 5.69 10.0
118 121 5.221 10.0
118 122 5.922 10.0
119 120 3.791 10.0
119 121 5.617 10.0
119 122 5.297 10.0
119 123 6.625 10.0
120 121 3.783 10.0
120 122 5.261 10.0
120 123 5.192 10.0
121 122 3.792 10.0
121 123 5.516 10.0
122 123 3.799 10.0
124 125 3.794 10.0
124 126 5.223 10.0
124 127 4.816 10.0
124 128 5.984 10.0
125 126 3.801 10.0
125 127 5.494 10.0
125 128 5.428 10.0
125 129 5.779 10.0
126 127 3.807 10.0
126 128 5.729 10.0
126 129 5.324 10.0
126 130 5.512 10.0
127 128 3.807 10.0
127 129 5.626 10.0
127 130 5.236 10.0
128 129 3.767 10.0
128 130 5.521 10.0
129 130 3.774 10.0
1 22 11.732 10.0
2 22 9.678 10.0
3 22 6.276 10.0
4 22 8.605 10.0
5 22 10.291 10.0
6 22 7.984 10.0
7 19 7.02 10.0
8 19 10.187 10.0
9 15 10.63 10.0
10 15 6.913 10.0
11 15 7.352 10.0
12 15 10.584 10.0
13 15 9.711 10.0
14 15 6.914 10.0
1 29 11.342 10.0
2 29 11.977 10.0
3 29 8.897 10.0
4 29 6.717 10.0
5 32 9.298 10.0
6 29 10.115 10.0
7 29 7.104 10.0
8 32 6.823 10.0
9 32 10.525 10.0
10 29 11.481 10.0
11 30 10.155 10.0
12 32 11.239 10.0
13 32 14.602 10.0
14 30 15.189 10.0
1 36 21.886 10.0
2 36 22.193 10.0
3 36 19.376 10.0
4 36 17.007 10.0
5 36 18.026 10.0
6 36 18.114 10.0
7 36 14.488 10.0
8 36 13.433 10.0
9 33 15.967 10.0
10 36 15.117 10.0
11 35 11.57 10.0
12 33 12.718 10.0
13 35 15.547 10.0
14 35 13.929 10.0
1 57 24.304 10.0
3 57 21.703 10.0
4 57 21.12 10.0
5 57 24.541 10.0
6 57 24.521 10.0
7 57 21.557 10.0
8 57 23.115 10.0
11 57 24.12 10.0
1 58 19.183 10.0
2 58 21.258 10.0
3 58 18.923 10.0
4 58 18.202 10.0
5 58 21.952 10.0
6 58 23.18 10.0
7 58 21.412 10.0
8 58 22.635 10.0
1 68 19.871 10.0
2 72 19.826 10.0
3 72 16.041 10.0
4 72 16.339 10.0
5 72 19.068 10.0
6 79 17.521 10.0
7 79 14.026 10.0
8 79 15.113 10.0
9 79 16.72 10.0
10 79 13.958 10.0
11 79 11.924 10.0
12 83 14.708 10.0
13 83 14.586 10.0
14 83 11.161 10.0
15 30 12.875 10.0
16 30 12.448 10.0
17 29 14.469 10.0
18 29 12.162 10.0
19 29 8.975 10.0
20 26 10.113 10.0
21 26 11.814 10.0
22 29 9.242 10.0
15 35 13.672 10.0
16 39 13.441 10.0
17 39 16.873 10.0
18 36 17.096 10.0
19 39 14.137 10.0
20 39 15.499 10.0
21 39 18.887 10.0
22 36 18.016 10.0
15 57 23.061 10.0
16 57 20.193 10.0
17 57 21.322 10.0
18 57 21.704 10.0
19 57 18.192 10.0
20 57 16.917 10.0
21 57 19.371 10.0
22 57 18.947 10.0
16 65 23.014 10.0
17 65 22.343 10.0
18 65 22.455 10.0
19 65 19.899 10.0
20 65 17.477 10.0
21 65 18.074 10.0
22 65 18.084 10.0
15 83 9.032 10.0
16 76 7.168 10.0
17 76 9.345 10.0
18 76 11.063 10.0
19 76 8.559 10.0
20 72 7.74 10.0
21 72 10.839 10.0
22 72 11.378 10.0
23 43 12.0 10.0
24 43 14.182 10.0
25 43 15.376 10.0
26 43 12.065 10.0
27 40 10.592 10.0
28 36 12.681 10.0
29 36 11.426 10.0
30 36 7.694 10.0
31 36 8.483 10.0
32 36 10.728 10.0
23 57 6.485 10.0
24 57 9.399 10.0
25 57 11.898 10.0
26 57 10.627 10.0
27 57 10.975 10.0
28 57 14.245 10.0
29 57 15.556 10.0
30 57 15.02 10.0
31 57 16.418 10.0
32 57 19.415 10.0
23 61 7.21 10.0
24 58 6.762 10.0
25 58 9.463 10.0
26 58 11.9 10.0
27 58 11.887 10.0
28 58 12.448 10.0
29 58 15.34 10.0
30 58 16.83 10.0
31 58 16.692 10.0
32 58 18.378 10.0
23 68 5.139 10.0
24 68 8.53 10.0
25 68 8.667 10.0
26 72 7.346 10.0
27 75 9.776 10.0
28 72 12.595 10.0
29 75 11.153 10.0
30 75 9.313 10.0
31 75 12.574 10.0
32 75 14.914 10.0
33 55 21.128 10.0
34 55 21.594 10.0
35 55 20.147 10.0
36 55 17.296 10.0
37 55 16.565 10.0
38 55 16.865 10.0
39 55 14.482 10.0
40 55 11.691 10.0
41 55 12.646 10.0
42 54 12.331 10.0
43 54 9.153 10.0
44 55 8.137 10.0
45 54 9.473 10.0
46 54 7.616 10.0
47 54 4.081 10.0
48 54 6.375 10.0
49 54 8.022 10.0
50 54 5.687 10.0
51 54 5.665 10.0
52 54 9.242 10.0
53 54 10.083 10.0
36 58 22.708 10.0
37 58 23.86 10.0
38 61 24.752 10.0
39 61 21.327 10.0
40 61 19.764 10.0
41 61 22.046 10.0
42 61 21.114 10.0
43 61 17.363 10.0
44 61 18.43 10.0
45 61 20.667 10.0
46 61 18.111 10.0
47 61 15.728 10.0
48 61 18.902 10.0
49 64 19.79 10.0
50 64 16.15 10.0
51 64 16.858 10.0
52 64 20.005 10.0
53 64 18.415 10.0
33 82 11.664 10.0
34 82 9.649 10.0
35 82 6.428 10.0
36 79 9.064 10.0
37 78 10.207 10.0
38 78 7.53 10.0
39 78 5.194 10.0
40 78 8.235 10.0
41 78 8.389 10.0
42 78 5.447 10.0
43 74 5.98 10.0
44 74 9.264 10.0
45 74 9.175 10.0
46 74 6.445 10.0
47 74 8.488 10.0
48 74 11.54 10.0
49 74 10.83 10.0
50 70 10.128 10.0
51 70 13.174 10.0
52 74 15.313 10.0
53 70 13.896 10.0
54 61 12.602 10.0
55 61 11.682 10.0
56 61 8.182 10.0
57 61 7.962 10.0
54 71 9.078 10.0
55 71 9.803 10.0
56 67 8.299 10.0
57 67 5.277 10.0
58 68 11.155 10.0
59 67 12.365 10.0
60 67 10.017 10.0
61 67 6.953 10.0
62 67 9.031 10.0
63 67 9.929 10.0
64 67 6.881 10.0
65 67 6.382 10.0
66 67 10.167 10.0
88 113 9.52 10.0
89 112 11.602 10.0
90 112 12.059 10.0
91 112 8.583 10.0
92 112 7.649 10.0
93 112 11.046 10.0
94 112 10.677 10.0
95 112 7.509 10.0
96 108 8.402 10.0
97 108 11.859 10.0
98 108 11.098 10.0
99 104 7.746 10.0
100 104 9.846 10.0
101 104 11.941 10.0
88 117 6.734 10.0
89 117 10.265 10.0
90 117 11.741 10.0
91 117 10.131 10.0
92 117 11.335 10.0
93 117 14.541 10.0
94 117 15.091 10.0
95 117 14.364 10.0
96 117 16.715 10.0
97 117 18.976 10.0
98 117 19.328 10.0
99 117 19.744 10.0
100 117 22.42 10.0
101 117 24.066 10.0
88 128 5.797 10.0
89 128 4.708 10.0
90 128 8.454 10.0
91 128 8.939 10.0
92 128 7.383 10.0
93 128 9.322 10.0
94 128 12.172 10.0
95 124 11.74 10.0
96 124 10.825 10.0
97 124 14.198 10.0
98 124 15.919 10.0
99 124 14.553 10.0
100 124 15.784 10.0
101 124 19.001 10.0
102 122 22.387 10.0
103 118 20.462 10.0
104 121 18.589 10.0
105 121 17.172 10.0
106 122 16.291 10.0
107 118 15.162 10.0
108 118 13.741 10.0
109 121 11.741 10.0
110 118 11.181 10.0
111 118 10.958 10.0
112 118 9.496 10.0
113 118 5.849 10.0
114 118 7.204 10.0
102 124 16.822 10.0
103 124 16.265 10.0
104 124 12.857 10.0
105 124 11.758 10.0
106 124 13.571 10.0
107 124 13.322 10.0
108 124 9.648 10.0
109 124 9.609 10.0
110 124 12.79 10.0
111 124 13.578 10.0
112 124 10.147 10.0
113 127 9.717 10.0
114 127 13.452 10.0
115 127 14.611 10.0
116 130 12.336 10.0
117 127 8.768 10.0
118 127 10.052 10.0
119 127 11.57 10.0
120 130 8.512 10.0
121 127 6.246 10.0
122 127 9.436 10.0
123 127 10.606 10.0
14 88 23.597 0.01
14 89 21.386 0.01
14 90 18.465 0.01
14 91 19.974 0.01
14 92 20.419 0.01
14 93 16.927 0.01
14 94 15.692 0.01
14 95 18.62 0.01
14 96 17.937 0.01
14 97 14.262 0.01
14 98 15.774 0.01
14 99 18.648 0.01
14 100 16.621 0.01
14 101 15.548 0.01
15 88 24.63 0.01
15 89 21.969 0.01
15 90 19.843 0.01
15 91 20.958 0.01
15 92 20.154 0.01
15 93 16.659 0.01
15 94 16.177 0.01
15 95 18.201 0.01
15 96 16.255 0.01
15 97 12.981 0.01
15 98 14.815 0.01
16 99 16.004 0.01
16 100 12.504 0.01
16 101 12.193 0.01
30 97 24.543 0.01
30 100 23.524 0.01
30 101 21.72 0.01
35 94 22.937 0.01
35 95 24.023 0.01
35 96 23.508 0.01
35 97 20.14 0.01
35 98 19.16 0.01
35 99 21.068 0.01
35 100 19.264 0.01
35 101 16.143 0.01
87 88 20.043 0.01
87 89 19.336 0.01
87 90 16.348 0.01
87 91 15.272 0.01
87 92 15.835 0.01
87 93 14.081 0.01
87 94 10.916 0.01
87 95 11.63 0.01
87 96 12.264 0.01
87 97 9.223 0.01
87 98 7.203 0.01
84 99 9.706 0.01
84 100 8.593 0.01
84 101 4.933 0.01
3 131 16.693 10.0
14 132 14.097 10.0
21 131 8.515 10.0
17 132 6.079 10.0
26 131 19.817 10.0
29 132 20.149 10.0
35 132 21.961 10.0
65 131 21.688 10.0
69 131 16.397 10.0
80 132 14.23 10.0
93 133 3.983 10.0
108 133 14.058 10.0
117 133 17.808 10.0
128 133 10.812 10.0
88 134 22.854 10.0
113 134 20.012 10.0
123 134 8.178 10.0
130 134 17.192 10.0