341.7733590142451 16.174589504259636 192.56447188277406
339.41925623046046 16.958202626598275 195.70313896941192
339.7972195050936 20.636376181364753 195.42527033481971
339.6349611834979 20.664776741576425 191.6932176501661
336.1946197384661 18.85789299445287 191.9803625473142
334.91411821360185 20.62174936991966 195.00421507863337
335.2700179306587 24.09813271748339 193.1562221805418
333.79764490155367 22.7752010799088 190.03041357335306
330.8333907446941 21.247769560842762 191.8270782469199
330.05093125710806 24.41142447154088 194.05117506273177
329.6903211079504 26.399047152214347 190.70124760269798
327.53875333478953 23.807592494686787 189.2718439417935
325.4240745609911 23.600166062798884 192.48748675435948
325.19793365242566 27.35279778979229 193.7281337481714
330.19157315271093 30.708548503652356 196.62860847692204
332.8035753863157 33.39635461101557 197.09138157552883
333.97392500256274 32.59261215789593 200.69206183192233
334.10889261063807 29.108767773456258 199.3178262533613
336.4203370272513 30.114861277879296 196.56250559721286
338.7375616640333 32.02776459563417 198.68555568233694
339.04153946539617 28.875401085020222 201.03888953603845
339.6396860059916 26.29999524147672 198.07980263088106
348.3942193038859 32.34581827678838 190.08537396800043
348.8524814051871 29.09010818657045 188.52168047359723
346.31518243369874 27.394136617067364 190.7390019347293
343.85467725172487 30.326171756968563 190.36789179568612
343.7471042884234 30.193696485655707 186.57595659104737
343.3688429812905 26.572956577111604 186.59288326242455
340.2570341985768 26.820816306398868 188.95762489535952
338.65550561281344 29.328145032448408 186.8428335213634
339.2557193998116 27.707431088958476 183.43975988123427
337.76431091093133 24.320347229735173 184.62429024205142
331.01413601215586 32.335342500196006 180.07914838240245
329.63713946893995 35.47012685284902 180.3400487490634
330.45900418379927 35.77159232041076 183.79393261087293
333.903016082671 34.341335010004784 183.13304650747656
334.4133972867985 36.86764803907083 180.33762968355458
333.4448227716396 39.72881537138737 182.76813891134236
336.04271836040994 38.421168755725205 185.07012025496664
338.8294692384437 38.5494167496602 182.7605047076182
337.92574506409153 42.20263906579442 182.12387802815093
338.04402498310344 42.83331844025462 185.95487056803543
341.50716194453844 41.1748499814474 186.06036789175732
342.8791844255128 43.22744055585874 183.17988389737422
341.8372393265299 46.40550266642006 184.5798652292453
343.3716161327445 45.553194392264125 187.9140213270029
346.57357614845876 44.42495372235602 186.1512314299245
346.54687414594497 47.92329256149735 184.53463961950453
345.97159235990335 49.83002292909553 187.44163131442417
348.8984381995629 47.70207337392381 189.0287556259118
351.0326850656526 48.74227037246968 186.52130204381032
350.04069220769264 52.46970802267648 186.65046177456423
351.15191435306014 52.35925293941975 190.4499087278972
350.4699841307626 43.19705037724924 186.18296890986466
350.2259302630571 40.02256132085009 183.82204666035656
353.1287356628851 38.48785525669122 185.78911972843594
350.70114701136407 38.32309482803094 188.72259435205675
355.45576529056245 28.52724125811462 187.82070214016218
359.0937458446443 28.717562461569493 188.93181201633666
358.8300041324492 32.67181048900212 188.90580939382275
355.65900170161734 32.49605744067739 190.8096751558112
357.4005351582038 30.301415405602995 193.32433750156977
360.3443388503342 32.82162549511115 193.3434562513404
358.1150750383181 35.78410015154095 194.30168671409345
355.98829670197773 33.57811108819916 196.92762592557827
358.95976828642335 32.33026234984045 198.79941512364675
351.43420544445974 37.075041245473095 193.92766794017808
349.1187453434052 34.507862405465616 194.65267737513574
347.0445366229486 36.284145115698166 197.45419577018544
347.3233547740498 39.77527616819077 195.21407410424118
345.85526764541635 38.278398770559264 192.3521533157037
343.2844165224893 36.38450153875082 194.3799685071992
342.1251598844641 39.81136648398497 195.6965592394813
341.3294621248517 40.81382238715437 191.82017187574132
339.5495036699276 37.59908255611621 191.31272738314502
337.39476829389673 38.25459152835156 194.37386617868097
336.6679373385869 42.01709427997335 193.31270788515909
335.2950436094244 40.29986711158386 189.97048389739683
333.38444749801954 37.69006404479711 191.55737380363038
331.5461929932409 40.20684848327501 193.73396507044836
330.416341471991 42.04596808451191 191.05167990239994
329.0695401877935 38.95357177396547 189.20672801123288
327.4194439577952 38.006424161415154 192.56688997908427
325.61501740246354 41.38915311032339 192.82826743750803
324.3582796911342 41.1955019887662 189.50262887247976
323.076184485 37.69826168812378 189.34537973097784
321.1007088289641 38.85064771626048 192.7509455789371
309.8112424286473 40.552500534144684 207.37574245168466
312.72300384186985 38.5197529382382 208.72645528062802
313.51276644410717 37.555407276339594 205.33522407619137
313.30148807315965 41.09031106599262 204.02515701192144
315.56232899277245 42.36270845173614 206.76597921860625
318.13848926230816 39.80861283208973 206.48342615770608
318.17817838146385 40.334713517236295 202.7338860257088
318.090045472968 44.01641140042545 202.76604927374373
321.0288544007527 43.69766283454913 205.19790178936654
322.51783051707594 41.18080836632539 202.61531825340654
322.2191664693041 43.69573468431164 200.02874048508605
323.3776054759363 46.461109983666596 201.88486735854187
326.5932383192601 44.41348189090263 203.4346329954424
327.2819661885538 44.18050961404959 199.61673522607444
324.956279600716 57.474137363463505 207.65323253296927
322.7942293452858 56.3474586796279 204.89707515766386
322.5069701334966 52.8469949073149 206.61957031785403
320.81484026015943 54.501834257059635 209.40931631977523
318.4812857886881 56.69791349310129 207.29680589319673
317.97123918412063 54.16741008734326 204.55181548833127
317.73120689184134 51.07216428866061 206.80881521040632
315.2551667895242 53.121736316714696 208.5965995050226
313.17242577731326 54.87943612392916 205.8771096122958
313.43187936447526 52.534076380270754 202.87618079885985
313.47504874566573 49.692389717462966 204.87437520528005
309.8338883422503 49.99198965062467 206.08727991752747
308.7832655376464 51.38826032609721 202.83740564590067
302.02447806255657 46.220532036192886 202.49347516369514
301.278170443128 44.03328339770363 205.63941615881325
304.33406733379735 44.46120516720985 207.65183625893027
304.3373134148415 48.381553133706845 207.14429805121136
300.9882922209015 48.4077477371118 208.7877047846052
302.1403004770343 46.46954860829108 212.05714788967322
305.58219554242527 47.68780638452804 212.33404135375406
303.746000737529 51.174912121983155 212.3068747627985
301.7177658782674 50.375213963888825 215.1118842010837
315.122552448813 45.38366334426519 214.0136466669087
314.89529558465017 42.11887450928979 216.2681936052027
311.69297089567146 43.60938057078722 217.82279141249174
310.172099545948 44.23908030647838 214.08521336585525
311.28775047883585 40.673544389170736 212.63928413527512
310.1779567185428 39.064145304913346 215.78223560962587
307.03236662576285 40.733659574120445 216.1096123239491
338.4144470165789 29.67782691883998 209.46247641674594
330.5345811124906 32.329553199348034 205.50530523591428
320.74547250442623 37.35055340843455 208.1546303096467
296.16214590230015 53.20920299860911 220.5065246771176