302.03083895578635 99.68571007941044 213.1835068679927
304.26551395057345 98.85761939300329 210.4725241309407
305.73073170599804 95.8049334209042 212.12495164343747
302.3013859459257 94.549901556803 213.61083386117596
300.5567849867428 94.64541048550245 210.10434702875398
303.59758873854116 93.13150182360582 208.34247114537493
303.66720614991164 90.10554068735254 210.54816981872935
299.69789934032514 89.44380738662602 210.43972858408034
299.8667623882057 89.78905048243473 206.68516006055313
302.9854951849112 87.40507074024815 206.18617804830808
301.1310679728835 84.75710837762983 208.16021156991366
297.6595447278204 85.38313788752495 206.27100054471046
299.57008173729093 85.08746704469948 203.0464572655582
301.9110749902295 82.13720548777152 203.50494874676377
308.030046532979 82.6764908919654 207.0939574254951
310.5202234069583 81.84350092534547 209.69611684683696
313.28228771952575 84.16153787074632 208.5107021841255
310.6753412233871 86.74033588305053 208.26246383194817
309.3518181094311 86.49184091942756 211.77325282837884
313.01198164505746 86.44283211021303 212.93975862923182
313.78560567939206 89.74412798204717 211.07033331211923
310.32121142687254 91.51723611225749 212.13776004040616
309.66111123606197 88.83576633850643 225.2391536205428
306.4802076350073 91.12492283437581 225.58226746418447
306.6889051036811 92.10259418507025 221.9718798808992
307.07745328775695 88.63172045764172 220.84830465733233
303.96751242930776 87.5090577728092 222.67799795160738
302.11726256916506 90.2527893830361 221.0218787022533
303.1835303247545 89.13005191551028 217.46439149117472
302.3172165528066 85.49350037651448 218.2852985728012
298.817866784645 86.36780659254953 220.18128748000734
297.67261139044246 88.7192458728519 217.02531325809198
295.0633798493337 77.84773351975903 216.46899994825898
296.0305681648596 74.19648147220494 216.32949559975967
299.5169776416401 75.6626101062038 215.47399948315913
299.531713213914 78.27013862919084 217.9813459955033
298.41527634315975 75.76659341456082 220.64957432306528
301.20431524013327 73.55430684696897 219.6814844133331
303.7723122558531 76.35206239264154 219.9337189683243
302.43025706054647 77.0500613821833 223.64486184996184
303.5243674904855 73.52255325641667 224.20430502476012
306.8124501966524 73.80165010937735 222.74390587717338
307.762284130287 77.12569029282018 224.46743031402218
306.4920185570791 75.31374976314024 228.06333419544072
309.0363211957604 72.63539164749895 227.28675836091926
311.7984449557626 75.01906000393923 226.5725414789846
311.05017512154893 77.09487297152108 229.4816088936932
311.1814219758113 73.86154863314314 231.86096561524786
314.65407882786235 72.84233626473215 230.2165696039693
315.8859696375619 76.36498961842068 231.06542974074728
314.88411814854703 76.12158453047097 234.73795488771097
316.48275014872974 72.59895525830014 234.93157598692486
319.7425471362217 74.04252732117973 233.92044551001516
311.95785836413063 80.13414089482725 232.01749948399546
308.489673298419 82.03892645007608 232.32829174217872
310.9361686108906 85.0572557519147 233.39439285272488
311.93137559854625 84.75592563996858 229.71707937985533
308.21903493300374 94.82324498090837 230.87182976784254
310.69141715142786 96.5541785842163 233.5075035375596
312.257719867871 93.46811746505594 234.08525798877878
312.64080033261314 92.64250424792515 230.4844655634116
314.01039939372293 95.83419431434939 229.85999728545949
316.24986447953717 95.30196103817858 233.00543813735953
317.84254332734196 92.40146234000157 231.5252720749331
318.26204204907066 93.54762687927925 228.10240605349108
319.70645995594293 96.8518149658423 228.73879305695226
316.2373027930985 87.4072382660959 227.3049778847604
314.3733276463771 88.64703054292407 224.24416007825224
316.76317151349957 86.82640810122003 222.02154970960515
316.935347100224 83.52440702438402 224.03978869346963
313.00306197102924 83.50968624372582 223.85383018306692
313.1056481689616 84.14474284113865 220.2696294396649
315.2873949163613 81.02196160703699 219.78550841884368
312.71135169226415 78.90982934878093 221.50327438567183
309.67703437530105 80.25887057394449 219.71551921716522
311.6977503511432 79.56145094472534 216.4381960191392
312.31949538847874 75.90810164170364 217.45888920323745
308.35571082360184 75.45778206435872 217.86162627590747
307.79849708005474 77.33200695216114 214.40425843688064
310.35191008803 74.81428954158953 212.92893883418805
308.45749170064437 72.21609499828435 213.92858288309043
305.04830627443454 73.55677269234845 212.6030194033466
306.77693947554576 74.16539018987402 209.2656057909827
308.3258306310715 70.63807813854041 208.8765730601908
304.7973821216673 69.28269644746887 209.60147261820967
303.03993961735273 71.77900527662972 207.00382562708347
305.6287037023622 70.09291942596012 204.50226024225591
313.0389411037627 69.61123342709934 185.4479491743326
313.86662944207256 72.88036469028995 187.17739746296
310.65088201979734 72.31717452003328 189.0195307582048
311.5902198983735 68.69968522098263 189.83314075663964
314.88439325339255 69.93811083669524 191.20291010337633
313.3080593494446 72.62155532183985 193.18112621049943
310.7690500349719 70.35461035433548 194.7166253928022
313.18479951275265 67.78550757710232 195.21352481593266
315.82949916701 69.93257924499244 197.01646197318559
312.64018906810725 71.43205079628301 198.72915513014445
311.9656537754864 67.66594190019893 200.17883714313896
315.46931241828446 67.27554600347551 200.90429285939322
315.57480293768907 70.43217174183039 202.72481108222058
312.9184561252095 69.13534964403577 204.75056604694763
326.5005160087921 61.0611720147675 202.2523910311536
322.95145255148793 59.908474702200216 201.30774902760723
322.3023289055704 63.331644859560704 199.7635650501028
325.2458610171903 63.225674553169185 197.52623398721738
324.3213095898724 59.46158160690833 196.48238974738598
320.5942027266169 60.049549797005284 196.5268287838361
320.5345818641119 63.50454817293032 194.85526307317912
322.7214827030969 61.65983395312073 192.3515242051822
320.3794963068973 58.4889138839779 192.14951615896197
316.90644389388206 58.97302078954299 192.78302081340686
317.20626611222053 62.65474400863013 191.35467832938372
317.61554498485634 61.36706386164939 187.55684564905127
314.70626560401683 58.307187027261655 188.62169007862354
310.2974857754675 60.41509930369954 181.19958838808807
311.89593722985717 63.102717349996716 179.22955459957367
314.50785012704813 64.57862733281118 181.34717580141896
315.97976317963014 61.1513584064305 181.9838734622029
316.7499787233533 60.915063881112054 178.3367854209996
318.3164611546729 64.08405725759467 177.72537441220715
320.03264282281845 64.29939532904801 181.21930660464523
321.73953947034136 61.02432836070646 180.395552977372
323.1782907712032 62.030997706970965 177.13527569030552
322.850805467492 70.51868807250966 188.86088734889944
322.9693083669133 74.19840814110029 187.05533325333593
323.69315204245385 72.52037037655786 183.897717142877
320.8828813432607 69.75961186856229 184.3819537436852
318.31258669365985 72.33591916419564 185.1308379215797
319.3131465139473 74.6760766754386 182.4503283368643
320.0389878218372 72.29821665620129 179.85064166148152
321.00357972008084 91.94604899565293 207.07624872323763
315.93815865181546 83.13229439993844 202.72747447554394
314.6855659929164 76.20170671599304 194.73677400608798
326.810884453657 60.10386908223624 169.88199216937278