315.4528536365987 357.16398336721863 892.723336488526
339.2318515064972 333.77761996537566 886.8499664489901
331.3044691883705 328.9177040606738 868.1645957158224
306.9442488183761 352.9512384889674 874.0881300946427
309.6243163876295 339.37690987807116 887.2899589444047
325.47272996731897 361.5735263059693 874.908157031966
340.82878137980583 347.54739020336757 871.8133269405918
320.29267345828396 324.148036323804 886.179867023066
323.46926564084913 339.47254925212906 899.7380329351457
309.98162395987725 332.43084056401756 869.904985000011
322.4400380793974 347.0469893461135 861.0729364255654
335.67980741280746 353.98413457826024 891.0090265104377
313.0354509398728 338.0153604788459 897.7813100531748
322.191607592559 334.5309092082667 889.5740691009933
311.11852766227815 328.6735493738409 889.264940017039
313.47926290507485 325.0699256755691 877.4404392453191
304.468781225916 333.82385397147254 879.6673732241337
334.71710512071115 356.8781907971894 871.9876352364486
341.46114687068734 352.53339774881306 881.79143005274
328.8891517012616 354.1328297260246 882.5042681447611
324.2852842474263 356.90698145839616 865.2115189814518
333.35955570397624 348.2530944110931 863.2162175312809
308.08691919606576 348.6200124107173 893.4503919187094
302.72330697885246 346.4550587678018 882.1399346746714
313.6176611354146 352.73994646780534 883.0435155065953
314.85406526640867 360.4862642686604 873.4914061760536
320.07160733647396 363.498947277046 884.3862977586017
326.0869639679737 323.5872441721671 876.6072420101771
331.3182854832563 325.96685320922205 887.7249674927139
337.2439319686685 329.3518074879537 877.0791620424584
335.76675079299713 341.5823493340277 879.7755195141308
338.467170502449 337.5428079259405 867.8926562312253
320.21934845565374 347.01326810263805 892.2528479923127
326.19821612852604 358.1613114871672 894.0830035557644
331.12303077360616 347.48676533902807 898.8113898730131
340.8589320725229 343.974324067378 891.3407086100252
332.9801193841169 335.1167955017209 896.2501859696034
314.85619603397697 339.238370263354 862.4685544481245
313.05282432801556 351.4901143496732 864.7871975749229
311.313607845204 342.97096236892935 873.7035191771421
320.15419672636284 328.99247233474307 867.126053485309
327.3951708388547 337.27111285627467 861.854919262207
